6
6 0 4
0 1 1 1 0 0 
0 0 0 0 1 0 
0 1 0 0 0 0 
0 0 0 0 0 1 
0 0 0 0 0 1 
0 0 0 0 0 0
12 0 11
0 0 1 1 1 0 0 0 0 0 0 0 
0 0 0 0 0 0 0 0 0 0 0 0 
1 1 0 0 0 1 0 0 1 1 0 0 
0 0 0 0 0 0 0 0 1 0 0 0 
0 0 0 0 0 0 1 0 0 0 0 0 
0 0 1 0 0 0 0 0 0 0 0 0 
0 0 0 0 0 0 0 1 0 0 0 0 
0 0 0 0 0 0 0 0 0 0 0 1 
0 0 0 0 0 0 0 0 0 0 1 0 
0 0 1 0 0 0 0 0 0 0 0 0 
0 0 0 0 0 0 0 0 0 1 0 0 
0 0 0 0 0 0 0 0 0 0 0 0 
4 2 3
0 0 1 1 
0 0 1 1 
1 1 0 0 
1 1 0 0 
7 0 6
0 1 0 0 0 0 0 
0 0 1 0 0 0 0 
0 0 0 1 0 0 0 
0 0 0 0 1 0 1 
0 0 0 0 0 1 0 
0 0 0 0 0 0 1 
0 0 0 0 0 0 0 
9 0 7
0 0 0 0 1 0 0 0 1 
0 0 1 0 0 0 0 0 1 
0 1 0 1 0 0 0 1 0 
0 0 1 0 1 0 1 0 1 
1 0 0 1 0 1 0 0 0 
0 0 0 0 1 0 1 0 0 
0 0 0 1 0 1 0 1 0 
0 0 1 0 0 0 1 0 0 
1 1 0 1 0 0 0 0 0
5 0 4
0 1 0 0 0 
0 0 1 0 1 
0 0 0 1 0 
0 0 0 0 1 
0 0 0 0 0